1,2,3

_________________________ graph G1 __________________________

5[1,2,3,2,2](0,0)(0,4)(4,3)(4,2)(3,2)(1,2)

vertex 0(1): [0,4]
vertex 1(2): [2]
vertex 2(3): [1,3,4]
vertex 3(2): [2,4]
vertex 4(2): [0,2,3]

MCs for P0:
1:	(0,0)(1,1)(2,1)(2,0)    ****   (1)(5)(3)(4)
2:	(0,1)(1,1)(2,0)(2,1)    ****   (2)(3)(4)(5)
3:	(0,1)(1,1)(1,0)(2,1)    ****   (3)(2)(4)(5)
4:	(0,0)(1,1)(2,1)(2,1)    ****   (4)(3)(2)(5)
5:	(0,1)(1,0)(1,1)(2,1)(2,0)    ****   (5)(1)(3)(2)(4)

MCs for P1:
1:	(0,0)(1,1)(2,2)(2,1)    ****   (1)(5)(3)(4)
2:	(0,1)(1,2)(2,1)(2,1)    ****   (2)(3)(4)(5)
3:	(0,2)(1,1)(1,1)(2,1)    ****   (3)(2)(4)(5)
4:	(0,1)(1,0)(1,2)(2,1)(2,1)    ****   (5)(1)(3)(2)(4)

MCs for P2:
1:	(0,2)(1,1)(2,0)(2,2)    ****   (1)(5)(3)(4)
2:	(0,0)(1,0)(2,2)(2,1)    ****   (2)(3)(4)(5)
3:	(0,0)(1,0)(1,2)(2,1)    ****   (3)(2)(4)(5)
4:	(0,2)(1,0)(2,0)(2,1)    ****   (4)(3)(2)(5)
5:	(0,1)(1,2)(1,0)(2,0)(2,2)    ****   (5)(1)(3)(2)(4)

Training (P0) ... : 101 iterations	 Time = 0 ms
Vector(P0): [0.308234,0.691766]
Training (P1) ... : 49 iterations	 Time = 0 ms
Vector(P1): [0,1,0]
Training (P2) ... : 101 iterations	 Time = 0 ms
Vector(P2): [3.8093e-008,0.432556,0.567444,0,0,0]

_________________________ graph G2 __________________________

6[3,2,1,1,3,2](0,1)(0,2)(0,3)(1,2)(3,4)(3,5)(4,5)

vertex 0(3): [1,2,3]
vertex 1(2): [0,2]
vertex 2(1): [0,1]
vertex 3(1): [0,4,5]
vertex 4(3): [3,5]
vertex 5(2): [3,4]

MCs for P0:
1:	(0,1)(1,0)(2,0)(1,1)(2,0)(2,0)    ****   (1)(2)(3)(4)(5)(6)
2:	(0,0)(1,1)(2,0)(2,1)    ****   (2)(1)(3)(4)
3:	(0,1)(1,1)(2,0)(2,0)(1,0)(2,0)    ****   (4)(1)(2)(3)(5)(6)
4:	(0,0)(1,1)(2,1)(2,0)    ****   (5)(4)(1)(6)

MCs for P1:
1:	(0,2)(1,1)(2,0)(1,0)(2,2)(2,1)    ****   (1)(2)(3)(4)(5)(6)
2:	(0,1)(1,2)(2,0)(2,0)    ****   (2)(1)(3)(4)
3:	(0,0)(1,2)(2,1)(2,0)    ****   (3)(1)(2)(4)
4:	(0,0)(1,2)(2,1)(2,0)(1,2)(2,1)    ****   (4)(1)(2)(3)(5)(6)
5:	(0,2)(1,0)(2,2)(2,1)    ****   (5)(4)(1)(6)
6:	(0,1)(1,0)(2,2)(2,2)    ****   (6)(4)(1)(5)

MCs for P2:
1:	(0,0)(1,0)(2,0)(1,0)(2,0)(2,0)    ****   (1)(2)(3)(4)(5)(6)
2:	(0,0)(1,0)(2,0)(2,0)    ****   (2)(1)(3)(4)
3:	(0,0)(1,0)(2,0)(2,0)(1,0)(2,0)    ****   (4)(1)(2)(3)(5)(6)

Training (P0) ... : 101 iterations	 Time = 0 ms
Vector(P0): [0.805687,0.194313]
Training (P1) ... : 101 iterations	 Time = 0 ms
Vector(P1): [0.419529,0.220929,0.359541]
Training (P2) ... : 2 iterations	 Time = 0 ms
Vector(P2): [1,0,0,0,0,0]

_________________________ Vectors (11 components) __________________________

G1:[0.308234,0.691766,0,1,0,3.8093e-008,0.432556,0.567444,0,0,0]
G2:[0.805687,0.194313,0.419529,0.220929,0.359541,1,0,0,0,0,0]

_________________________ Euclidean dist. __________________________

    	[G1]	[G2]	
[G1]	0	
[G2]	1.7077	0	

_________________________ Manhattan dist. __________________________

    	[G1]	[G2]	
[G1]	0	
[G2]	4.55305	0	
