1,2,3

_________________________ graph G1 __________________________

5[1,2,3,2,2](0,0)(0,4)(4,3)(4,2)(3,2)(1,2)

vertex 0(1): [0,4]
vertex 1(2): [2]
vertex 2(3): [1,3,4]
vertex 3(2): [2,4]
vertex 4(2): [0,2,3]

MCs for P0:
1:	(0,0)(1,1)(2,1)(3,1)(3,0)    ****   (1)(5)(3)(2)(4)
2:	(0,1)(1,1)(2,0)(3,1)    ****   (2)(3)(4)(5)
3:	(0,1)(1,1)(1,0)(2,1)(3,0)    ****   (3)(2)(4)(5)(1)
4:	(0,0)(1,1)(2,1)(2,1)(3,0)    ****   (4)(3)(2)(5)(1)
5:	(0,1)(1,0)(1,1)(2,1)(2,0)    ****   (5)(1)(3)(2)(4)

MCs for P1:
1:	(0,0)(1,1)(2,2)(3,1)(3,1)    ****   (1)(5)(3)(2)(4)
2:	(0,1)(1,2)(2,1)(3,1)    ****   (2)(3)(4)(5)
3:	(0,2)(1,1)(1,1)(2,1)(3,0)    ****   (3)(2)(4)(5)(1)
4:	(0,1)(1,2)(2,1)(2,1)(3,0)    ****   (4)(3)(2)(5)(1)
5:	(0,1)(1,0)(1,2)(2,1)(2,1)    ****   (5)(1)(3)(2)(4)

MCs for P2:
1:	(0,2)(1,1)(2,0)(3,0)(3,2)    ****   (1)(5)(3)(2)(4)
2:	(0,0)(1,0)(2,2)(3,1)    ****   (2)(3)(4)(5)
3:	(0,0)(1,0)(1,2)(2,1)(3,2)    ****   (3)(2)(4)(5)(1)
4:	(0,2)(1,0)(2,0)(2,1)(3,2)    ****   (4)(3)(2)(5)(1)
5:	(0,1)(1,2)(1,0)(2,0)(2,2)    ****   (5)(1)(3)(2)(4)

Training (P0) ... : 101 iterations	 Time = 0 ms
Vector(P0): [0.684797,0.315203]
Training (P1) ... : 101 iterations	 Time = 0 ms
Vector(P1): [0.451189,0.548811,0]
Training (P2) ... : 101 iterations	 Time = 5 ms
Vector(P2): [2.67303e-008,0.333333,0.666667,0,0,0]

_________________________ graph G2 __________________________

6[3,2,1,1,3,2](0,1)(0,2)(0,3)(1,2)(3,4)(3,5)(4,5)

vertex 0(3): [1,2,3]
vertex 1(2): [0,2]
vertex 2(1): [0,1]
vertex 3(1): [0,4,5]
vertex 4(3): [3,5]
vertex 5(2): [3,4]

MCs for P0:
1:	(0,1)(1,0)(2,0)(1,1)(2,0)(3,0)    ****   (1)(2)(3)(4)(5)(6)
2:	(0,0)(1,1)(2,0)(2,1)(3,0)(3,0)    ****   (2)(1)(3)(4)(5)(6)
3:	(0,1)(1,1)(2,0)(3,0)(1,0)(2,0)    ****   (4)(1)(2)(3)(5)(6)
4:	(0,0)(1,1)(2,1)(3,0)(3,0)(2,0)    ****   (5)(4)(1)(2)(3)(6)

MCs for P1:
1:	(0,2)(1,1)(2,0)(1,0)(2,2)(3,1)    ****   (1)(2)(3)(4)(5)(6)
2:	(0,1)(1,2)(2,0)(2,0)(3,2)(3,1)    ****   (2)(1)(3)(4)(5)(6)
3:	(0,0)(1,2)(2,1)(2,0)(3,2)(3,1)    ****   (3)(1)(2)(4)(5)(6)
4:	(0,0)(1,2)(2,1)(3,0)(1,2)(2,1)    ****   (4)(1)(2)(3)(5)(6)
5:	(0,2)(1,0)(2,2)(3,1)(3,0)(2,1)    ****   (5)(4)(1)(2)(3)(6)
6:	(0,1)(1,0)(2,2)(3,1)(3,0)(2,2)    ****   (6)(4)(1)(2)(3)(5)

MCs for P2:
1:	(0,0)(1,0)(2,0)(1,0)(2,0)(3,0)    ****   (1)(2)(3)(4)(5)(6)
2:	(0,0)(1,0)(2,0)(2,0)(3,0)(3,0)    ****   (2)(1)(3)(4)(5)(6)
3:	(0,0)(1,0)(2,0)(3,0)(1,0)(2,0)    ****   (4)(1)(2)(3)(5)(6)
4:	(0,0)(1,0)(2,0)(3,0)(3,0)(2,0)    ****   (5)(4)(1)(2)(3)(6)

Training (P0) ... : 101 iterations	 Time = 0 ms
Vector(P0): [0.999995,5.41566e-006]
Training (P1) ... : 101 iterations	 Time = 0 ms
Vector(P1): [0.382283,0.28765,0.330066]
Training (P2) ... : 2 iterations	 Time = 0 ms
Vector(P2): [1,0,0,0,0,0]

_________________________ Vectors (11 components) __________________________

G1:[0.684797,0.315203,0.451189,0.548811,0,2.67303e-008,0.333333,0.666667,0,0,0]
G2:[0.999995,5.41566e-006,0.382283,0.28765,0.330066,1,0,0,0,0,0]

_________________________ Euclidean dist. __________________________

    	[G1]	[G2]	
[G1]	0	
[G2]	1.39146	0	

_________________________ Manhattan dist. __________________________

    	[G1]	[G2]	
[G1]	0	
[G2]	3.29053	0	
